# Independent Integer coefficient vectors, format: (levels,fatigue,health,weather,maintenance,credit)
([0],[0],[1000],100,100,100)
([3],[599],[500],100,100,130)
([0,3],[599,600],[499,500],100,100,93)
([0,1,2,3],[0,599,600,899],[499,500,1000,1],60,70,39)
([0,0,3],[899,599,600],[499,499,500],83,70,47)
([3,3],[600,899],[499,1],100,100,83)
([0],[0],[1],0,0,0)
([1,0],[599,0],[1000,1],1,70,0)
([2,1,0],[600,599,0],[500,1000,1],60,100,57)
([3,2,1,0],[899,600,599,0],[499,500,1000,1],83,0,0)
([0,3,2,1,0],[0,899,600,599,0],[1,499,500,1000,1],100,70,63)
([1,0,3,2,1,0],[599,0,899,600,599,0],[1000,1,499,500,1000,1],0,100,0)
([2],[600],[500],1,0,0)
([3,2],[899,600],[499,500],60,70,37)
([0,3,2],[0,899,600],[1,499,500],83,100,71)
([1,0,3,2],[599,0,899,600],[1000,1,499,500],100,0,0)
([2,1,0,3,2],[600,599,0,899,600],[500,1000,1,499,500],0,70,0)
([3,2,1,0,3,2],[899,600,599,0,899,600],[499,500,1000,1,499,500],1,100,0)
([0],[0],[1],60,0,0)
([1,0],[599,0],[1000,1],83,70,54)
([2,1,0],[600,599,0],[500,1000,1],100,100,95)
([3,2,1,0],[899,600,599,0],[499,500,1000,1],0,0,0)
([0,3,2,1,0],[0,899,600,599,0],[1,499,500,1000,1],1,70,0)
([1,0,3,2,1,0],[599,0,899,600,599,0],[1000,1,499,500,1000,1],60,100,55)
([2],[600],[500],83,0,0)
([3,2],[899,600],[499,500],100,70,63)
([0,3,2],[0,899,600],[1,499,500],0,100,0)
([1,0,3,2],[599,0,899,600],[1000,1,499,500],1,0,0)
([2,1,0,3,2],[600,599,0,899,600],[500,1000,1,499,500],60,70,39)
([3,2,1,0,3,2],[899,600,599,0,899,600],[499,500,1000,1,499,500],83,100,75)
([0],[0],[1],100,0,0)
([1,0],[599,0],[1000,1],0,70,0)
([2,1,0],[600,599,0],[500,1000,1],1,100,0)
([3,2,1,0],[899,600,599,0],[499,500,1000,1],60,0,0)
([0,3,2,1,0],[0,899,600,599,0],[1,499,500,1000,1],83,70,52)
([1,0,3,2,1,0],[599,0,899,600,599,0],[1000,1,499,500,1000,1],100,100,92)
([2],[600],[500],0,0,0)
([3,2],[899,600],[499,500],1,70,0)
([0,3,2],[0,899,600],[1,499,500],60,100,51)
([1,0,3,2],[599,0,899,600],[1000,1,499,500],83,0,0)
([2,1,0,3,2],[600,599,0,899,600],[500,1000,1,499,500],100,70,65)
([3,2,1,0,3,2],[899,600,599,0,899,600],[499,500,1000,1,499,500],0,100,0)
([0],[0],[1],1,0,0)
([1,0],[599,0],[1000,1],60,70,39)
([2,1,0],[600,599,0],[500,1000,1],83,100,78)
([3,2,1,0],[899,600,599,0],[499,500,1000,1],100,0,0)
([0,3,2,1,0],[0,899,600,599,0],[1,499,500,1000,1],0,70,0)
([1,0,3,2,1,0],[599,0,899,600,599,0],[1000,1,499,500,1000,1],1,100,0)
([2],[600],[500],60,0,0)
([3,2],[899,600],[499,500],83,70,52)
([0,3,2],[0,899,600],[1,499,500],100,100,85)
([1,0,3,2],[599,0,899,600],[1000,1,499,500],0,0,0)
([2,1,0,3,2],[600,599,0,899,600],[500,1000,1,499,500],1,70,0)
([3,2,1,0,3,2],[899,600,599,0,899,600],[499,500,1000,1,499,500],60,100,54)
([0],[0],[1],83,0,0)
([1,0],[599,0],[1000,1],100,70,66)
([2,1,0],[600,599,0],[500,1000,1],0,100,0)
([3,2,1,0],[899,600,599,0],[499,500,1000,1],1,0,0)
([0,3,2,1,0],[0,899,600,599,0],[1,499,500,1000,1],60,70,38)
([1,0,3,2,1,0],[599,0,899,600,599,0],[1000,1,499,500,1000,1],83,100,77)
([2],[600],[500],100,0,0)
([3,2],[899,600],[499,500],0,70,0)
([0,3,2],[0,899,600],[1,499,500],1,100,0)
([1,0,3,2],[599,0,899,600],[1000,1,499,500],60,0,0)
([2,1,0,3,2],[600,599,0,899,600],[500,1000,1,499,500],83,70,54)
([3,2,1,0,3,2],[899,600,599,0,899,600],[499,500,1000,1,499,500],100,100,91)
([0],[0],[1],0,0,0)
([1,0],[599,0],[1000,1],1,70,0)
([2,1,0],[600,599,0],[500,1000,1],60,100,57)
([3,2,1,0],[899,600,599,0],[499,500,1000,1],83,0,0)
([0,3,2,1,0],[0,899,600,599,0],[1,499,500,1000,1],100,70,63)
([1,0,3,2,1,0],[599,0,899,600,599,0],[1000,1,499,500,1000,1],0,100,0)
([2],[600],[500],1,0,0)
([3,2],[899,600],[499,500],60,70,37)
([0,3,2],[0,899,600],[1,499,500],83,100,71)
([1,0,3,2],[599,0,899,600],[1000,1,499,500],100,0,0)
([2,1,0,3,2],[600,599,0,899,600],[500,1000,1,499,500],0,70,0)
([3,2,1,0,3,2],[899,600,599,0,899,600],[499,500,1000,1,499,500],1,100,0)
([0],[0],[1],60,0,0)
([1,0],[599,0],[1000,1],83,70,54)
([2,1,0],[600,599,0],[500,1000,1],100,100,95)
([3,2,1,0],[899,600,599,0],[499,500,1000,1],0,0,0)
([0,3,2,1,0],[0,899,600,599,0],[1,499,500,1000,1],1,70,0)
([1,0,3,2,1,0],[599,0,899,600,599,0],[1000,1,499,500,1000,1],60,100,55)
([2],[600],[500],83,0,0)
([3,2],[899,600],[499,500],100,70,63)
([0,3,2],[0,899,600],[1,499,500],0,100,0)
([1,0,3,2],[599,0,899,600],[1000,1,499,500],1,0,0)
([2,1,0,3,2],[600,599,0,899,600],[500,1000,1,499,500],60,70,39)
([3,2,1,0,3,2],[899,600,599,0,899,600],[499,500,1000,1,499,500],83,100,75)
([0],[0],[1],100,0,0)
([1,0],[599,0],[1000,1],0,70,0)
([2,1,0],[600,599,0],[500,1000,1],1,100,0)
([3,2,1,0],[899,600,599,0],[499,500,1000,1],60,0,0)
([0,3,2,1,0],[0,899,600,599,0],[1,499,500,1000,1],83,70,52)
([1,0,3,2,1,0],[599,0,899,600,599,0],[1000,1,499,500,1000,1],100,100,92)
([2],[600],[500],0,0,0)
([3,2],[899,600],[499,500],1,70,0)
([0,3,2],[0,899,600],[1,499,500],60,100,51)
([1,0,3,2],[599,0,899,600],[1000,1,499,500],83,0,0)
([2,1,0,3,2],[600,599,0,899,600],[500,1000,1,499,500],100,70,65)
([3,2,1,0,3,2],[899,600,599,0,899,600],[499,500,1000,1,499,500],0,100,0)
([0],[0],[1],1,0,0)
([1,0],[599,0],[1000,1],60,70,39)
([2,1,0],[600,599,0],[500,1000,1],83,100,78)
([3,2,1,0],[899,600,599,0],[499,500,1000,1],100,0,0)
([0,3,2,1,0],[0,899,600,599,0],[1,499,500,1000,1],0,70,0)
([1,0,3,2,1,0],[599,0,899,600,599,0],[1000,1,499,500,1000,1],1,100,0)
([2],[600],[500],60,0,0)
([3,2],[899,600],[499,500],83,70,52)
([0,3,2],[0,899,600],[1,499,500],100,100,85)
([1,0,3,2],[599,0,899,600],[1000,1,499,500],0,0,0)
([2,1,0,3,2],[600,599,0,899,600],[500,1000,1,499,500],1,70,0)
([3,2,1,0,3,2],[899,600,599,0,899,600],[499,500,1000,1,499,500],60,100,54)
([0],[0],[1],83,0,0)
([1,0],[599,0],[1000,1],100,70,66)
([2,1,0],[600,599,0],[500,1000,1],0,100,0)
([3,2,1,0],[899,600,599,0],[499,500,1000,1],1,0,0)
([0,3,2,1,0],[0,899,600,599,0],[1,499,500,1000,1],60,70,38)
([1,0,3,2,1,0],[599,0,899,600,599,0],[1000,1,499,500,1000,1],83,100,77)
([2],[600],[500],100,0,0)
([3,2],[899,600],[499,500],0,70,0)
([0,3,2],[0,899,600],[1,499,500],1,100,0)
([1,0,3,2],[599,0,899,600],[1000,1,499,500],60,0,0)
([2,1,0,3,2],[600,599,0,899,600],[500,1000,1,499,500],83,70,54)
([3,2,1,0,3,2],[899,600,599,0,899,600],[499,500,1000,1,499,500],100,100,91)
([0],[0],[1],0,0,0)
([1,0],[599,0],[1000,1],1,70,0)
